   1 28512
   1 26193
   1 16526
   1 14014
   1 12552
   1 11612
   1 11128
   1 11037
   1 9894
   1 9132
   1 9060
   1 9022
   1 8689
   1 8565
   1 8400
   1 8318
   1 8030
   1 8019
   1 8001
   1 7955
   1 7894
   1 7714
   1 7636
   1 7319
   1 7089
   1 6633
   1 6571
   1 6489
   1 6465
   1 6360
   1 6334
   1 6176
   1 6101
   1 6027
   1 5894
   1 5834
   1 5693
   1 5366
   1 5186
   1 5147
   1 5077
   1 5025
   1 4903
   1 4899
   1 4818
   1 4757
   1 4499
   1 4419
   1 4347
   1 4216
   1 4167
   1 4078
   1 4038
   1 4000
   1 3700
   1 3650
   1 3621
   1 3554
   1 3444
   1 3336
   1 3316
   1 3292
   1 3276
   1 3224
   1 3156
   1 3120
   1 3086
   1 3077
   1 3072
   1 3029
   1 3028
   1 3012
   1 3000
   1 2873
   1 2835
   1 2815
   1 2754
   1 2670
   1 2661
   1 2651
   1 2642
   2 2587
   1 2580
   1 2557
   1 2523
   1 2517
   1 2474
   1 2448
   1 2435
   1 2420
   1 2407
   1 2318
   1 2315
   1 2274
   1 2262
   1 2247
   1 2188
   1 2183
   1 2167
   1 2163
   1 2153
   1 2132
   1 2121
   1 2116
   1 2107
   1 2102
   1 2094
   1 2087
   1 2068
   1 2063
   1 2060
   1 2054
   1 2049
   1 2006
   1 1992
   1 1985
   1 1973
   1 1963
   1 1958
   1 1915
   1 1912
   1 1911
   1 1905
   1 1903
   1 1878
   1 1877
   1 1870
   1 1868
   1 1859
   1 1845
   1 1843
   1 1807
   1 1781
   1 1777
   1 1775
   1 1771
   1 1740
   1 1739
   1 1717
   1 1705
   1 1704
   1 1692
   1 1687
   1 1674
   1 1665
   1 1655
   1 1651
   1 1641
   1 1637
   1 1608
   1 1606
   1 1602
   2 1590
   1 1561
   1 1555
   1 1538
   1 1531
   1 1528
   1 1502
   1 1500
   1 1496
   1 1495
   1 1489
   2 1484
   1 1479
   1 1458
   1 1453
   1 1446
   1 1435
   1 1434
   1 1429
   1 1412
   1 1408
   1 1399
   1 1395
   1 1389
   1 1376
   1 1370
   1 1365
   1 1344
   1 1334
   1 1325
   1 1317
   1 1316
   1 1311
   1 1307
   1 1290
   1 1269
   1 1267
   1 1261
   1 1258
   1 1255
   1 1249
   1 1246
   1 1244
   1 1235
   1 1233
   1 1231
   1 1229
   1 1224
   1 1216
   1 1214
   2 1207
   2 1206
   1 1202
   1 1190
   1 1182
   1 1180
   1 1175
   1 1170
   1 1148
   1 1140
   1 1133
   1 1128
   2 1126
   1 1122
   1 1120
   1 1110
   1 1109
   1 1105
   1 1101
   1 1094
   1 1082
   1 1077
   1 1076
   1 1075
   2 1073
   1 1054
   1 1052
   1 1044
   1 1041
   1 1040
   1 1038
   1 1033
   1 1026
   1 1020
   1 1014
   2 1007
   1 1005
   1 1004
   1 1002
   1 1001
   1 1000
   2 998
   1 997
   2 995
   1 994
   1 992
   2 989
   1 988
   1 987
   1 984
   1 980
   1 978
   1 976
   2 968
   1 967
   1 966
   1 965
   1 962
   2 960
   1 956
   2 947
   1 940
   1 933
   2 931
   2 926
   1 925
   1 923
   1 919
   1 913
   3 908
   1 906
   1 897
   1 896
   1 895
   1 892
   1 887
   1 885
   2 884
   1 879
   2 876
   1 865
   1 864
   1 854
   1 848
   1 843
   2 840
   1 836
   1 829
   1 814
   1 810
   2 808
   1 802
   1 799
   1 793
   1 785
   2 783
   1 782
   1 780
   1 779
   1 778
   1 776
   1 773
   2 763
   1 760
   1 756
   1 754
   1 753
   1 746
   1 744
   1 741
   2 738
   1 735
   2 734
   1 731
   1 728
   1 727
   1 725
   1 722
   1 718
   1 714
   1 713
   2 712
   1 708
   1 707
   2 703
   1 700
   1 689
   2 687
   1 685
   1 684
   1 682
   2 681
   1 677
   1 673
   1 672
   1 666
   1 664
   1 663
   1 659
   2 656
   1 648
   1 647
   1 646
   1 642
   1 641
   2 640
   1 639
   1 638
   1 635
   1 634
   1 633
   1 628
   1 625
   1 624
   2 620
   1 618
   1 614
   4 613
   1 612
   1 606
   1 603
   2 602
   2 600
   2 599
   1 598
   1 595
   1 594
   1 593
   1 592
   1 589
   1 588
   2 587
   2 584
   2 583
   2 582
   1 580
   3 578
   1 576
   1 574
   2 573
   1 570
   1 569
   1 563
   2 562
   1 561
   2 560
   3 559
   3 557
   1 555
   1 552
   1 548
   1 542
   1 541
   1 540
   1 539
   1 537
   2 536
   1 535
   4 534
   1 533
   1 531
   1 530
   1 526
   1 525
   1 524
   1 523
   1 515
   1 513
   1 512
   2 511
   1 510
   1 509
   1 508
   2 507
   1 505
   1 503
   1 499
   1 498
   2 495
   3 494
   1 493
   1 492
   2 490
   1 488
   1 487
   1 486
   1 484
   2 478
   1 477
   2 475
   1 474
   3 471
   3 469
   2 467
   2 465
   1 464
   1 463
   2 461
   1 460
   2 459
   1 458
   1 456
   2 455
   1 454
   5 453
   1 452
   1 451
   2 448
   1 447
   3 446
   1 445
   3 444
   2 443
   2 442
   1 439
   1 438
   2 437
   2 436
   1 435
   4 434
   2 433
   1 432
   1 431
   2 428
   4 427
   1 426
   1 425
   1 423
   1 422
   1 421
   2 418
   1 417
   1 415
   1 414
   1 413
   4 412
   1 411
   4 410
   3 409
   1 408
   2 407
   2 406
   1 405
   2 403
   1 400
   2 399
   2 397
   2 396
   2 395
   1 394
   3 393
   2 392
   2 390
   3 389
   1 388
   1 385
   2 384
   3 383
   3 382
   1 381
   1 379
   4 378
   1 376
   1 375
   3 371
   2 370
   3 369
   3 368
   1 367
   1 365
   2 364
   2 363
   3 362
   1 360
   2 358
   2 357
   4 355
   2 354
   1 353
   2 352
   2 351
   2 350
   2 349
   4 348
   4 347
   2 346
   3 345
   4 344
   3 343
   2 342
   3 341
   1 340
   3 339
   2 338
   3 337
   2 336
   3 335
   4 333
   3 332
   1 331
   3 330
   2 329
   1 328
   2 327
   3 325
   1 324
   2 322
   2 321
   1 320
   1 319
   3 318
   4 317
   4 316
   2 315
   5 314
   1 313
   3 312
   1 311
   3 310
   2 309
   3 308
   2 306
   3 305
   1 303
   4 302
   4 301
   3 300
   4 299
   1 298
   3 297
   1 296
   1 295
   3 294
   2 293
   3 292
   1 291
   4 290
   4 289
   2 287
   4 286
   5 285
   6 284
   1 283
   4 282
   4 281
   2 280
   5 279
   2 278
   3 277
   8 276
   3 275
   4 274
   1 273
   4 272
   1 271
   4 270
   6 269
   5 268
   1 267
   1 266
   4 265
   4 264
   1 263
   3 262
   2 261
   2 260
   6 258
   6 257
   7 256
   3 255
   4 254
   2 253
   1 252
   4 251
   2 250
   4 249
   3 248
   6 247
   2 246
   4 245
   4 244
   4 243
   4 242
   4 241
   4 240
   2 239
   5 238
   4 237
   6 236
   3 235
   2 234
   1 233
   4 232
   4 231
   4 230
   2 229
   3 228
   1 227
   5 226
   8 225
   5 224
   5 223
   4 222
   3 221
   8 220
   3 219
   6 218
   6 217
   8 216
   5 215
   2 214
   3 213
   6 212
   5 211
   6 210
   4 209
   3 208
  11 207
   4 206
   3 205
   6 204
   6 203
   7 202
   5 201
   3 200
   3 199
   4 198
   5 197
   2 196
   5 195
   4 194
   8 193
   3 192
   7 191
   9 190
   5 189
   7 188
   2 187
   8 186
   3 185
   2 184
   4 183
   6 182
   9 181
   6 180
   9 179
   7 178
   4 177
   5 176
   3 175
   7 174
   8 173
   6 172
   6 171
   7 170
   9 169
   9 168
   9 167
   6 166
   5 165
   7 164
   9 163
   7 162
   4 161
   6 160
  12 159
   8 158
  11 157
  11 156
  10 155
   9 154
  10 153
   9 152
   8 151
  18 150
   8 149
  12 148
   9 147
  14 146
  15 145
   8 144
  10 143
  16 142
  10 141
  10 140
  12 139
  12 138
  10 137
  14 136
  10 135
  18 134
  16 133
   8 132
  13 131
  17 130
   7 129
  13 128
  12 127
  12 126
  22 125
  15 124
  15 123
  16 122
  16 121
  15 120
  15 119
  16 118
  17 117
  13 116
  15 115
  14 114
  11 113
  12 112
  22 111
  18 110
  29 109
  24 108
  15 107
  17 106
  17 105
  15 104
  27 103
  19 102
  24 101
  17 100
  18 99
  15 98
  35 97
  19 96
  22 95
  26 94
  36 93
  16 92
  19 91
  35 90
  35 89
  22 88
  31 87
  27 86
  26 85
  24 84
  36 83
  25 82
  28 81
  32 80
  51 79
  40 78
  33 77
  42 76
  36 75
  45 74
  36 73
  40 72
  49 71
  45 70
  51 69
  49 68
  52 67
  41 66
  60 65
  51 64
  57 63
  67 62
  48 61
  52 60
  46 59
  58 58
  71 57
  65 56
  66 55
  70 54
  64 53
  90 52
  96 51
  85 50
  80 49
  89 48
  90 47
 100 46
 100 45
 109 44
 116 43
 131 42
 139 41
 151 40
 123 39
 169 38
 169 37
 179 36
 199 35
 223 34
 207 33
 227 32
 237 31
 262 30
 290 29
 290 28
 320 27
 362 26
 343 25
 392 24
 415 23
 532 22
 579 21
 635 20
 648 19
 767 18
 920 17
 984 16
1190 15
1361 14
1703 13
1918 12
2423 11
2971 10
3702 9
5128 8
6665 7
9277 6
13470 5
21062 4
37111 3
68787 2
113435 1
